A, (3,5), (-1,2), (0,2), (1,2), (-1,1), (1,1), (-1,0), (0,0), (1,0), (-1,-1), (1,-1), (-1,-2), (1,-2)
B, (3,5), (-1,2), (0,2), (1,2), (-1,1), (1,1), (-1,0), (0,0), (-1,-1), (1,-1), (-1,-2), (0,-2), (1,-2)
C, (3,5), (-1,2), (0,2), (1,2), (-1,1), (-1,0), (-1,-1), (-1,-2), (0,-2), (1,-2)
D, (3,5), (-1,2), (0,2), (-1,1), (1,1), (-1,0), (1,0), (-1,-1), (1,-1), (-1,-2), (0,-2)
E, (3,5), (-1,2), (0,2), (1,2), (-1,1), (-1,0), (0,0), (-1,-1), (-1,-2), (0,-2), (1,-2)
F, (3,5), (-1,2), (0,2), (1,2), (-1,1), (-1,0), (0,0), (-1,-1), (-1,-2)
G, (4,5), (-1,2), (0,2), (1,2), (2,2), (-1,1), (-1,0), (1,0), (2,0), (-1,-1), (2,-1), (-1,-2), (0,-2), (1,-2), (2,-2)
H, (3,5), (-1,2), (1,2), (-1,1), (1,1), (-1,0), (0,0), (1,0), (-1,-1), (1,-1), (-1,-2), (1,-2)
I, (3,5), (-1,2), (0,2), (1,2), (0,1), (0,0), (0,-1), (-1,-2), (0,-2), (1,-2)
J, (3,5), (-1,2), (0,2), (1,2), (0,1), (0,0), (0,-1), (-1,-2), (0,-2)
K, (4,5), (-1,2), (2,2), (-1,1), (1,1), (2,1), (-1,0), (0,0), (1,0), (-1,-1), (1,-1), (2,-1), (-1,-2), (2,-2)
L, (3,5), (-1,2), (-1,1), (-1,0), (-1,-1), (-1,-2), (0,-2), (1,-2)
M, (5,5), (-1,2), (3,2), (-1,1), (0,1), (2,1), (3,1), (-1,0), (1,0), (3,0), (-1,-1), (3,-1), (-1,-2), (3,-2)
N, (4,5), (-1,2), (2,2), (-1,1), (0,1), (2,1), (-1,0), (0,0), (1,0), (2,0), (-1,-1), (1,-1), (2,-1), (-1,-2), (2,-2)
O, (4,5), (-1,2), (0,2), (1,2), (2,2), (-1,1), (2,1), (-1,0), (2,0), (-1,-1), (2,-1), (-1,-2), (0,-2), (1,-2), (2,-2)
P, (3,5), (-1,2), (0,2), (1,2), (-1,1), (1,1), (-1,0), (0,0), (1,0), (-1,-1), (-1,-2)
Q, (4,5), (-1,2), (0,2), (1,2), (2,2), (-1,1), (2,1), (-1,0), (2,0), (-1,-1), (1,-1), (2,-1), (-1,-2), (0,-2), (1,-2), (2,-2)
R, (4,5), (-1,2), (0,2), (1,2), (2,2), (-1,1), (2,1), (-1,0), (0,0), (1,0), (2,0), (-1,-1), (1,-1), (-1,-2), (2,-2)
S, (3,5), (0,2), (1,2), (-1,1), (0,0), (1,-1), (0,-2), (1,-2)
T, (3,5), (-1,2), (0,2), (1,2), (0,1), (0,0), (0,-1), (0,-2)
U, (3,5), (-1,2), (1,2), (-1,1), (1,1), (-1,0), (1,0), (-1,-1), (1,-1), (-1,-2), (0,-2), (1,-2)
V, (3,5), (-1,2), (1,2), (-1,1), (1,1), (-1,0), (1,0), (-1,-1), (1,-1), (0,-2)
W, (5,5), (-1,2), (3,2), (-1,1), (3,1), (-1,0), (1,0), (3,0), (-1,-1), (1,-1), (3,-1), (0,-2), (2,-2)
X, (3,5), (-1,2), (1,2), (-1,1), (1,1), (0,0), (-1,-1), (1,-1), (-1,-2), (1,-2)
Y, (3,5), (-1,2), (1,2), (-1,1), (1,1), (0,0), (0,-1), (0,-2)
Z, (3,5), (-1,2), (0,2), (1,2), (1,1), (0,0), (-1,-1), (-1,-2), (0,-2), (1,-2)
1, (3,5), (0,2), (-1,1), (0,1), (0,0), (0,-1), (-1,-2), (0,-2), (1,-2)
2, (3,5), (-1,2), (0,2), (1,2), (1,1), (-1,0), (0,0), (1,0), (-1,-1), (-1,-2), (0,-2), (1,-2)
3, (3,5), (-1,2), (0,2), (1,2), (1,1), (0,0), (1,0), (1,-1), (-1,-2), (0,-2), (1,-2)
4, (3,5), (-1,2), (1,2), (-1,1), (1,1), (-1,0), (0,0), (1,0), (1,-1), (1,-2)
5, (3,5), (-1,2), (0,2), (1,2), (-1,1), (-1,0), (0,0), (1,0), (1,-1), (-1,-2), (0,-2), (1,-2)
6, (3,5), (-1,2), (0,2), (1,2), (-1,1), (-1,0), (0,0), (1,0), (-1,-1), (1,-1), (-1,-2), (0,-2), (1,-2)
7, (3,5), (-1,2), (0,2), (1,2), (1,1), (1,0), (1,-1), (1,-2)
8, (3,5), (-1,2), (0,2), (1,2), (-1,1), (1,1), (-1,0), (0,0), (1,0), (-1,-1), (1,-1), (-1,-2), (0,-2), (1,-2)
9, (3,5), (-1,2), (0,2), (1,2), (-1,1), (1,1), (-1,0), (0,0), (1,0), (1,-1), (-1,-2), (0,-2), (1,-2)
0, (3,5), (-1,2), (0,2), (1,2), (-1,1), (1,1), (-1,0), (1,0), (-1,-1), (1,-1), (-1,-2), (0,-2), (1,-2)
(, (2,5), (0,2), (-1,1), (-1,0), (-1,-1), (0,-2)
), (2,5), (-1,2), (0,1), (0,0), (0,-1), (-1,-2)
-, (3,5), (-1,0), (0,0), (1,0)
., (1,5), (-1,-2)
,, (1,5), (-1,-2), (-1,-1)
:, (1,5), (-1,1), (-1,-1)